*** Out of loop ***
GtG:
[[ 0.18409168 -0.03659645 -0.01705371 -0.14605267]
 [-0.03659645  0.17208329  0.04309544  0.3116038 ]
 [-0.01705371  0.04309544  0.07789756  0.81553723]
 [-0.14605267  0.3116038   0.81553723 10.        ]]
invGtG
[[ 5.70302624e+00  1.01703929e+00  9.96175804e-01 -2.96389581e-02]
 [ 1.01703929e+00  7.59346658e+00 -1.13321986e+01  7.02421810e-01]
 [ 9.96175804e-01 -1.13321986e+01  1.05862938e+02 -8.26585172e+00]
 [-2.96389581e-02  7.02421810e-01 -8.26585172e+00  7.51790366e-01]]
di
[10.50554141  9.76298401  9.23432451  4.94892694  7.4766089   3.03171639
  4.38486627  5.76890791 10.2245782   9.28754549]
ts
[10.477  9.759  9.243  4.984  7.499  2.98   4.409  5.817 10.184  9.274]
di - ts
[ 0.02854141  0.00398401 -0.00867549 -0.03507306 -0.0223911   0.05171639
 -0.02413373 -0.04809209  0.0405782   0.01354549]
(di-ts)^2
[8.14612035e-04 1.58722996e-05 7.52640427e-05 1.23011951e-03
 5.01361358e-04 2.67458521e-03 5.82437111e-04 2.31284943e-03
 1.64658993e-03 1.83480183e-04]
sigma^2
0.0016728618528350613
cov
[[ 9.54037505e-03  1.70136623e-03  1.66646450e-03 -4.95818824e-05]
 [ 1.70136623e-03  1.27028206e-02 -1.89572028e-02  1.17505465e-03]
 [ 1.66646450e-03 -1.89572028e-02  1.77094071e-01 -1.38276280e-02]
 [-4.95818824e-05  1.17505465e-03 -1.38276280e-02  1.25764142e-03]]
mi
[-0.05851012  0.02247215 13.11432331 -0.54268372]