 *** Out of loop ***
GtG:
[[ 0.17799316 -0.03295079 -0.01315032 -0.14679888]
 [-0.03295079  0.1733254   0.03722992  0.33030127]
 [-0.01315032  0.03722992  0.04872119  0.63247722]
 [-0.14679888  0.33030127  0.63247722 10.        ]]
invGtG
[[ 5.85400052e+00  9.26439907e-01  8.59345708e-01  9.83985097e-04]
 [ 9.26439907e-01  7.73417984e+00 -1.40837452e+01  6.48903895e-01]
 [ 8.59345708e-01 -1.40837452e+01  1.41474502e+02 -8.47013699e+00]
 [ 9.83985097e-04  6.48903895e-01 -8.47013699e+00  6.14297937e-01]]
di
[10.47660818  9.75901386  9.24328703  4.98398977  7.49931381  2.97991469
  4.40902024  5.81711321 10.18422274  9.27351685]
ts
[10.477  9.759  9.243  4.984  7.499  2.98   4.409  5.817 10.184  9.274]
di - ts
[-3.91815683e-04  1.38588994e-05  2.87028030e-04 -1.02346208e-05
  3.13811396e-04 -8.53118110e-05  2.02430543e-05  1.13205520e-04
  2.22737531e-04 -4.83154523e-04]
(di-ts)^2
[1.53519529e-07 1.92069093e-10 8.23850899e-08 1.04747462e-10
 9.84775925e-08 7.27810509e-09 4.09781247e-10 1.28154898e-08
 4.96120078e-08 2.33438293e-07]
sigma^2
1.0637211750393709e-07
cov
[[ 6.22702432e-07  9.85473747e-08  9.14104226e-08  1.04668578e-10]
 [ 9.85473747e-08  8.22701087e-07 -1.49811780e-06  6.90252814e-08]
 [ 9.14104226e-08 -1.49811780e-06  1.50489423e-05 -9.00986407e-07]
 [ 1.04668578e-10  6.90252814e-08 -9.00986407e-07  6.53441724e-08]]
 mi
[-1.53011373e-04 -2.68762818e-04  1.00010443e+01 -1.16698826e-04]